%YAML:1.0

matrix: !!opencv-matrix
   rows: 3
   cols: 3
   dt: d
   data: [ 3.2239865566155686e+003, 0., 5.8370709528828786e+002, 0.,
       3.2327578039008890e+003, 5.5015021251650501e+002, 0., 0., 1. ]